%YAML:1.0
---
calibration_time: "Friday 28 February 2020 08:20:47 PM IST"
nframes: 28
image_width: 1920
image_height: 1080
board_width: 9
board_height: 6
square_size: 2.7200000360608101e-02
flags: 0
camera_matrix: !!opencv-matrix
   rows: 3
   cols: 3
   dt: d
   data: [ 1.6866530517797955e+03, 0., 9.4167012923757341e+02, 0.,
       1.6866890110985275e+03, 5.2524286776258725e+02, 0., 0., 1. ]
distortion_coefficients: !!opencv-matrix
   rows: 5
   cols: 1
   dt: d
   data: [ -4.0156099642714410e-01, 1.7263916623371939e-01,
       3.0575460716636346e-03, 5.2774080424775240e-03, 0. ]
avg_reprojection_error: 4.2706452394846456e-01
per_view_reprojection_errors: !!opencv-matrix
   rows: 28
   cols: 1
   dt: f
   data: [ 3.23616832e-01, 2.28772044e-01, 3.30653548e-01,
       4.86940771e-01, 4.63897884e-01, 4.98088926e-01, 2.32518092e-01,
       4.29363221e-01, 3.45008582e-01, 4.43152666e-01, 4.50815856e-01,
       5.40515423e-01, 5.26254654e-01, 7.30413496e-01, 1.95813209e-01,
       5.27137816e-01, 4.95214909e-01, 3.62736464e-01, 3.02201241e-01,
       2.56445557e-01, 4.55222517e-01, 4.66112018e-01, 5.52186251e-01,
       2.79564738e-01, 4.07937318e-01, 4.15043950e-01, 4.34146643e-01,
       3.08945030e-01 ]
extrinsic_parameters: !!opencv-matrix
   rows: 28
   cols: 6
   dt: d
   data: [ 2.8214986540933840e-01, 2.1674593247925392e-01,
       -3.0950005426712011e+00, -4.2789553065031510e-01,
       4.1008772374100066e-01, 1.2739518442341851e+00,
       -1.8931325356809994e-01, 1.4312209543484677e-01,
       -3.0516951502948411e+00, -5.0242214428518206e-01,
       3.2861156172279055e-02, 1.3242922191427200e+00,
       4.9495515572183907e-01, 2.1384638343427370e-01,
       -3.0256075377484488e+00, -4.9713639595707504e-01,
       2.9439870842823963e-02, 1.3685698717067762e+00,
       -1.1594738281613735e+00, 6.1810939732871362e-01,
       2.6458629597834729e+00, -5.2435165428436681e-01,
       -4.3371851363814613e-02, 1.4193369501399486e+00,
       -7.9450513710810977e-01, 6.5288236944869849e-01,
       2.8684482320011346e+00, 1.1778116120276412e-01,
       -1.3979700437386532e-03, 1.3554072942209496e+00,
       8.1621818131264978e-01, 2.2092981432380740e-01,
       -2.9687976202230484e+00, 1.0081090602565490e-01,
       6.8056697209024117e-02, 1.3809289903877753e+00,
       -1.1461645989504426e-02, 2.2831473803726554e-01,
       -3.0579699449318727e+00, 8.8920395508251981e-02,
       7.3660793063071592e-02, 1.3251211745017097e+00,
       -3.1468814798069011e-01, 1.8879050511342518e-01,
       -3.0293000782732591e+00, 7.1619157517472098e-01,
       1.1590464040831355e-01, 1.2871309927339780e+00,
       -1.1948217008081286e+00, 1.3566736760037915e-01,
       -2.7908130660249193e+00, 6.5258057176923212e-01,
       1.1585461367653366e-01, 1.2363298817388533e+00,
       -1.0266888959732610e+00, -5.5614277056501527e-01,
       -2.5892563184272763e+00, 6.4868759492116068e-01,
       4.7851660018027285e-02, 1.2280885142464433e+00,
       -1.2716372887200325e+00, -6.0187196624712314e-01,
       -2.3601409961580138e+00, 7.2283607524430826e-01,
       4.1130128251915604e-01, 1.3339936272604642e+00,
       -1.2480110461711511e+00, -5.4609382779137505e-01,
       -2.4534032129680412e+00, 6.4018970941941022e-01,
       -2.5243498873347042e-01, 1.2007253027735887e+00,
       -1.4241682550020067e+00, 2.6466124412378524e-02,
       -2.6643994273277083e+00, 6.4495662828478528e-01,
       -1.9214621262751652e-01, 1.2000516555898344e+00,
       -5.0452071783637009e-01, 1.3772860411398971e-01,
       -3.0141878314076322e+00, 7.0134489445214565e-01,
       -1.9221421878337352e-01, 1.2199841330932453e+00,
       -3.5512534793228391e-02, 4.2072575021046048e-02,
       -3.0593696041634941e+00, 8.7781562584203041e-02,
       -2.3198114858745611e-01, 1.3032068088804256e+00,
       -1.1762673934956285e+00, 2.8280538202537772e-02,
       -2.7956986376611761e+00, 6.8239339246918107e-02,
       -2.3046215481831991e-01, 1.2486275221550311e+00,
       -7.8537783722333909e-01, -7.9338976211762424e-01,
       -2.6242456975797963e+00, 9.8516479449133040e-02,
       -2.3566321964948295e-01, 1.2892294530524802e+00,
       -6.5954725144001358e-01, -1.0906573352147438e-01,
       -2.9384944090546541e+00, -3.5289113452161969e-01,
       -1.9029967951078405e-01, 1.2268695437312849e+00,
       -2.6373545080300531e-01, -5.0017282609365124e-02,
       -3.0328067398193674e+00, -4.6938626870218719e-01,
       -1.9283325033681697e-01, 1.2293464784874781e+00,
       4.2462365173900213e-01, -5.2701094166021575e-02,
       -3.0464319664002333e+00, -4.8431293713800355e-01,
       -1.9490374294878410e-01, 1.2505213647242790e+00,
       -1.2715706804178772e+00, -6.0178718651943297e-01,
       -2.3601884857267219e+00, 7.2281597859666602e-01,
       4.1127399554791982e-01, 1.3339343062635618e+00,
       -1.3271016984676338e+00, -7.3599996692476757e-02,
       -2.6691159590618616e+00, 8.4025716307411802e-01,
       4.8095202203591964e-01, 1.4112295416990122e+00,
       -4.0726475460737560e-01, 5.2871358901130212e-02,
       -3.0092888434495721e+00, 8.7828440613988934e-01,
       4.8078749064937643e-01, 1.4180671578073454e+00,
       -2.3300129531878613e-02, 1.1768979842667916e-01,
       -3.0851938643586125e+00, 1.4794708699676518e-01,
       4.3225199710292250e-01, 1.3869508405411439e+00,
       -8.1140953667314586e-01, 4.9736178567349291e-02,
       -2.9283139682274206e+00, 8.7939763228744625e-02,
       3.8488826697071704e-01, 1.3554133038278469e+00,
       -7.6221712673740127e-01, -6.0631415087746143e-01,
       -2.7377279459031412e+00, 8.3574264172818394e-02,
       3.7933186148529696e-01, 1.3352158520414075e+00,
       -6.8974732446761211e-01, -5.8878909278134162e-01,
       -2.7718993728064287e+00, -4.9981928651812974e-01,
       3.5561655595974606e-01, 1.2537512063368410e+00,
       -3.0992371998511048e-01, 1.7390126736954231e-01,
       -3.0588001780406153e+00, -4.4172365234808925e-01,
       4.1639056538234204e-01, 1.2583571891874714e+00 ]
