%YAML:1.0
---
R: !!opencv-matrix
   rows: 3
   cols: 3
   dt: d
   data: [ 9.9709697453581525e-01, -7.5451675315678379e-04,
       7.6138387663471072e-02, -2.1786736290798341e-03,
       9.9925876399470559e-01, 3.8434046898436811e-02,
       -7.6110950281426323e-02, -3.8488352578962035e-02,
       9.9635624651176635e-01 ]
T: !!opencv-matrix
   rows: 3
   cols: 1
   dt: d
   data: [ -6.3895256717549590e-03, 1.1232335417262142e-04,
       6.5303154341820973e-04 ]
R1: !!opencv-matrix
   rows: 3
   cols: 3
   dt: d
   data: [ 9.9955356208037349e-01, -1.4310393361619551e-02,
       -2.6227641416504990e-02, 1.4832776317383918e-02,
       9.9969329051079325e-01, 1.9832136910103958e-02,
       2.5935791469617955e-02, -2.0212311830623639e-02,
       9.9945925238165989e-01 ]
R2: !!opencv-matrix
   rows: 3
   cols: 3
   dt: d
   data: [ 9.9466569973870478e-01, -1.7485521369604653e-02,
       -1.0165826235848176e-01, 1.5545417982577702e-02,
       9.9968219535110581e-01, -1.9845611044771443e-02,
       1.0197296574612194e-01, 1.8159428416844616e-02,
       9.9462141009356619e-01 ]
P1: !!opencv-matrix
   rows: 3
   cols: 4
   dt: d
   data: [ 9.4368753716181743e+02, 0., 1.1138583602905273e+03, 0., 0.,
       9.4368753716181743e+02, 5.2688745117187500e+02, 0., 0., 0., 1.,
       0. ]
P2: !!opencv-matrix
   rows: 3
   cols: 4
   dt: d
   data: [ 9.4368753716181743e+02, 0., 1.1138583602905273e+03,
       -6.0620525533298570e+00, 0., 9.4368753716181743e+02,
       5.2688745117187500e+02, 0., 0., 0., 1., 0. ]
Q: !!opencv-matrix
   rows: 4
   cols: 4
   dt: d
   data: [ 1., 0., 0., -1.1138583602905273e+03, 0., 1., 0.,
       -5.2688745117187500e+02, 0., 0., 0., 9.4368753716181743e+02, 0.,
       0., 1.5567128936278428e+02, 0. ]
