%YAML:1.0
---
R: !!opencv-matrix
   rows: 3
   cols: 3
   dt: d
   data: [ 9.9997191734651603e-01, -5.1766048394970409e-03,
       -5.4191586679297916e-03, 5.2881999652505673e-03,
       9.9976998245884585e-01, 2.0785021418480255e-02,
       5.3103163239139224e-03, -2.0813095314605536e-02,
       9.9976928118639707e-01 ]
T: !!opencv-matrix
   rows: 3
   cols: 1
   dt: d
   data: [ -8.9426334089138776e-02, 1.8383492824979319e-03,
       3.1238211623880167e-04 ]
R1: !!opencv-matrix
   rows: 3
   cols: 3
   dt: d
   data: [ 9.9962736278933007e-01, -2.5650732320593513e-02,
       -9.3367817938518182e-03, 2.5746917124007247e-02,
       9.9961510360449424e-01, 1.0331548982871214e-02,
       9.0681763027770021e-03, -1.0568092410327586e-02,
       9.9990303709977224e-01 ]
R2: !!opencv-matrix
   rows: 3
   cols: 3
   dt: d
   data: [ 9.9978267180754399e-01, -2.0552668026615321e-02,
       -3.4924189835045115e-03, 2.0515593396078512e-02,
       9.9973607090939820e-01, -1.0339194854797683e-02,
       3.7039952720513301e-03, 1.0265298808434114e-02,
       9.9994045025661316e-01 ]
P1: !!opencv-matrix
   rows: 3
   cols: 4
   dt: d
   data: [ 1.7362483534711828e+03, 0., 9.8195331573486328e+02, 0., 0.,
       1.7362483534711828e+03, 5.4321727752685547e+02, 0., 0., 0., 1.,
       0. ]
P2: !!opencv-matrix
   rows: 3
   cols: 4
   dt: d
   data: [ 1.7362483534711828e+03, 0., 9.8195331573486328e+02,
       -1.5530007640412424e+02, 0., 1.7362483534711828e+03,
       5.4321727752685547e+02, 0., 0., 0., 1., 0. ]
Q: !!opencv-matrix
   rows: 4
   cols: 4
   dt: d
   data: [ 1., 0., 0., -9.8195331573486328e+02, 0., 1., 0.,
       -5.4321727752685547e+02, 0., 0., 0., 1.7362483534711828e+03, 0.,
       0., 1.1179958140864597e+01, 0. ]
