%YAML:1.0
---
R: !!opencv-matrix
   rows: 3
   cols: 3
   dt: d
   data: [ 9.9941976859997428e-01, -1.9318480080299544e-02,
       2.8052138224402379e-02, 1.8740216161033406e-02,
       9.9960940688000754e-01, 2.0732534221296388e-02,
       -2.8441702301579098e-02, -2.0194801419834589e-02,
       9.9939143460698210e-01 ]
T: !!opencv-matrix
   rows: 3
   cols: 1
   dt: d
   data: [ -9.8445577411853308e-02, 2.9830689481599509e-03,
       5.9583934071716436e-02 ]
R1: !!opencv-matrix
   rows: 3
   cols: 3
   dt: d
   data: [ 8.6895881590817747e-01, -3.1972778280731293e-02,
       -4.9385050137108222e-01, 4.2877024770694640e-02,
       9.9902234791313727e-01, 1.0766109647200619e-02,
       4.9302346496112265e-01, -3.0530146071276916e-02,
       8.6948017411473799e-01 ]
R2: !!opencv-matrix
   rows: 3
   cols: 3
   dt: d
   data: [ 8.5521872167153645e-01, -2.5914586308234042e-02,
       -5.1761894509279327e-01, 2.3854565242613986e-02,
       9.9965887010655929e-01, -1.0634995738733445e-02,
       5.1771797131217001e-01, -3.2523274358672097e-03,
       8.5554516218996934e-01 ]
P1: !!opencv-matrix
   rows: 3
   cols: 4
   dt: d
   data: [ 1.2164139593154043e+03, 0., 2.6860112552642822e+03, 0., 0.,
       1.2164139593154043e+03, 5.4821731948852539e+02, 0., 0., 0., 1.,
       0. ]
P2: !!opencv-matrix
   rows: 3
   cols: 4
   dt: d
   data: [ 1.2164139593154043e+03, 0., 2.6860112552642822e+03,
       -1.4002333153159876e+02, 0., 1.2164139593154043e+03,
       5.4821731948852539e+02, 0., 0., 0., 1., 0. ]
Q: !!opencv-matrix
   rows: 4
   cols: 4
   dt: d
   data: [ 1., 0., 0., -2.6860112552642822e+03, 0., 1., 0.,
       -5.4821731948852539e+02, 0., 0., 0., 1.2164139593154043e+03, 0.,
       0., 8.6872233792044788e+00, 0. ]
