%YAML:1.0
---
R: !!opencv-matrix
   rows: 3
   cols: 3
   dt: d
   data: [ 9.9560150966620997e-01, 5.4679999399162007e-04,
       9.3687432242164304e-02, -4.6467218893074067e-03,
       9.9904047943370933e-01, 4.3549149573185751e-02,
       -9.3573724549400022e-02, -4.3792938501895994e-02,
       9.9464875036935629e-01 ]
T: !!opencv-matrix
   rows: 3
   cols: 1
   dt: d
   data: [ -6.2585569647237146e-02, 2.2251233588670067e-03,
       8.6794907940933134e-03 ]
R1: !!opencv-matrix
   rows: 3
   cols: 3
   dt: d
   data: [ 9.9856198666112628e-01, -2.8607399667837267e-02,
       -4.5338454755638698e-02, 2.9686191118061509e-02,
       9.9928761708028924e-01, 2.3302111640349180e-02,
       4.4639543594064655e-02, -2.4614528925859910e-02,
       9.9869987289148665e-01 ]
R2: !!opencv-matrix
   rows: 3
   cols: 3
   dt: d
   data: [ 9.8990653548125762e-01, -3.5194441268326687e-02,
       -1.3728219955734910e-01, 3.2285142161801637e-02,
       9.9920562373117927e-01, -2.3362172407064234e-02,
       1.3799536444057017e-01, 1.8694191819798957e-02,
       9.9025643476077385e-01 ]
P1: !!opencv-matrix
   rows: 3
   cols: 4
   dt: d
   data: [ 1.1729334949859065e+03, 0., 1.1530228118896484e+03, 0., 0.,
       1.1729334949859065e+03, 5.3578179168701172e+02, 0., 0., 0., 1.,
       0. ]
P2: !!opencv-matrix
   rows: 3
   cols: 4
   dt: d
   data: [ 1.1729334949859065e+03, 0., 1.1530228118896484e+03,
       -7.4157214151868374e+01, 0., 1.1729334949859065e+03,
       5.3578179168701172e+02, 0., 0., 0., 1., 0. ]
Q: !!opencv-matrix
   rows: 4
   cols: 4
   dt: d
   data: [ 1., 0., 0., -1.1530228118896484e+03, 0., 1., 0.,
       -5.3578179168701172e+02, 0., 0., 0., 1.1729334949859065e+03, 0.,
       0., 1.5816849491997191e+01, 0. ]
