%YAML:1.0
---
M1: !!opencv-matrix
   rows: 3
   cols: 3
   dt: d
   data: [ 2.2286562059959879e+03, 0., 9.5878635311616893e+02, 0.,
       2.2214481633933287e+03, 5.4388981628170916e+02, 0., 0., 1. ]
D1: !!opencv-matrix
   rows: 5
   cols: 1
   dt: d
   data: [ -3.3981935704347449e-01, 9.9902710407943324e-02,
       1.1561562050257199e-03, -3.3649751003375545e-05, 0. ]
M2: !!opencv-matrix
   rows: 3
   cols: 3
   dt: d
   data: [ 2.0868825359195539e+03, 0., 9.7056339986993964e+02, 0.,
       2.0797908410967402e+03, 5.3914249461748614e+02, 0., 0., 1. ]
D2: !!opencv-matrix
   rows: 5
   cols: 1
   dt: d
   data: [ -3.6257792864300170e-01, 1.7237306513260786e-01,
       8.4877873664333532e-04, -1.0863759435617030e-03, 0. ]
