%YAML:1.0
---
M1: !!opencv-matrix
   rows: 3
   cols: 3
   dt: d
   data: [ 1.7717011145846418e+03, 0., 9.7233963061733436e+02, 0.,
       1.6459863894681284e+03, 5.3587102365023759e+02, 0., 0., 1. ]
D1: !!opencv-matrix
   rows: 1
   cols: 14
   dt: d
   data: [ -2.2116179627987168e-01, -3.0500657432703487e-01, 0., 0., 0.,
       0., 0., -5.5928291191700175e-01, 0., 0., 0., 0., 0., 0. ]
M2: !!opencv-matrix
   rows: 3
   cols: 3
   dt: d
   data: [ 1.7717011145846418e+03, 0., 9.1840670208263077e+02, 0.,
       1.6459863894681284e+03, 5.3578712676300870e+02, 0., 0., 1. ]
D2: !!opencv-matrix
   rows: 1
   cols: 14
   dt: d
   data: [ -2.1176602893849053e-01, -3.5016997220788754e-01, 0., 0., 0.,
       0., 0., -6.4528329016367492e-01, 0., 0., 0., 0., 0., 0. ]
